10485926982439064520
15270638100874320175
16646360389507147817
4167304237516228486
3635081602482786801
2336233899565126347
3425716115468765803
13181198025433053194
13355317306876751663
12257951615341726923
14424804287031718399
786582060300383668
13238419657658219864
11718898130355901268
1051897962568538022
6606076833441976341
2660301763960988190
6722602826685649765
15448466074775525292
912496333665446669
9696413700515401320
2088865281951278665
7912728502266478772
10940952441434390507
3270384983482134275
18244334282518155052
14430914081327266277
11847506886204460250
16504318334867223853
8763126149209091146
3490810581309970603
3437741670889149170
15832924468527961
7566697458525030390
4546515828974914709
10096619443888687526
8126606965364870152
5121298817582693383
13519445614718437933
6290334089075942139
13679757109245957439
17144150788361379549
15053781258223091665
16087604685956889409
1887497421568128425
3461811179177118163
1857377326903987736
13585809231635721258
2217043033232259972
4655005625668154134
13629997314951696814
11623618970700582562
12473470522729755785
2899997824484054994
8327447186504415549
8633296376655504176
13196796799137805454
2791302832590946720
6280779486809627179
10734565072045778791
9654060644653474834
3928923269768424494
6390847454531723238
6771922013310347577
2209007584159204953
3591015878717398163
17752423643206316420
4641822195449131669
2206505463279484253
6813611334239274394
9465500459680839281
15903544160717261009
18286677872269962604
13944915979337652825
9334364225104959137
5005815668926224220
4458730539804900192
17874036087982478403
2684088316387726629