10485926982439064520
15270638100874320175
16646360389507147817
4167304237516228486
3635081602482786801
2336233899565126347
3425716115468765803
13181198025433053194
13355317306876751663
12257951615341726923
14424804287031718399
786582060300383668
13238419657658219864
11718898130355901268
1051897962568538022
6606076833441976341
2660301763960988190
6722602826685649765
15448466074775525292
912496333665446669
9696413700515401320
2088865281951278665
7912728502266478772
10940952441434390507
3270384983482134275
18244334282518155052
14430914081327266277
11847506886204460250
16504318334867223853
8763126149209091146
3490810581309970603
3437741670889149170
15832924468527961
7566697458525030390
4546515828974914709
10096619443888687526
8126606965364870152
5121298817582693383
13519445614718437933
6290334089075942139
13679757109245957439
17144150788361379549
15053781258223091665
16087604685956889409
1887497421568128425
3461811179177118163
1857377326903987736
13585809231635721258
2217043033232259972
4655005625668154134
13629997314951696814
11623618970700582562
12473470522729755785
2899997824484054994
8327447186504415549
8633296376655504176
13196796799137805454
2791302832590946720
6280779486809627179
10734565072045778791
9654060644653474834
3928923269768424494
6390847454531723238
6771922013310347577
2209007584159204953
3591015878717398163
17752423643206316420
4641822195449131669
2206505463279484253
6813611334239274394
9465500459680839281
15903544160717261009
18286677872269962604
13944915979337652825
9334364225104959137
5005815668926224220
4458730539804900192
17874036087982478403
2684088316387726629
2698953791490960477
13186511704021307558
16625429321676352815
8031709558315183746
8123909110537564436
12161824480686739258
7447927974619745860
1191788760630624072
13840133134545942567
6410495600874495447
11925224148023145510
12200383401366682847
3617043125954612277
13965460994524880649
15365821471737026848
17270469718624587995
8424573439186068308
15090871771939393635
10094743350625019937
7554208726220851641
13258835835415292197
7517545172000568481
2555987917096562599
14964691552976940738
14183710428479823719
3417928259332148981
4292360793125812833
17386718718413812426
1730266523558914470
8806931859563747931
4191035366928259953
9142545919543484617
11454085070345530663
6561206763751799279
9288629315134424745
8454755173123314088
2656110181316327570
4723255145958809564
4898453812993984151
2273990870973289942
12879640240483815315
3441838785578020259
12988666890418932775
6229371035421550389
13517115297021862252
14358192009676582448
15221704733958986648
5835049423600303130
15379350264706417068
2607999228439188545
17647858901077503501
11139647661584646830
2711351338963414257
14763701469114129880
7670103006580549715
268278198029493143
7000927478052605119
12179768245749640056
16561295363965082313
4114454788208078028
12337317986514501583
13271285919570645382
634378055350569306
8811210064692949185
16345319168590318167
8099457465580871094
8745106945249251942
10241508783381919015
574762194520856849
4295449061847708198
16578409328451172992
12566399510596872945
1305342127382455702
16600468011801266684
4447423683538547117
1416654423768444853
16485056021060230344
14561791273891593514
16951470340360921766
14369250836076988112
15482064737890453610
3132641021038352938
11076364019363412893
9509506420470671704
4114548607314119333
7373597180370847864
18397511418934954408
18233614482685846350
3375636961848927657
17552108427312284959
2114574223307001959
3927294516406132977
1940032764689855266
5144634012371033641
16676202516797441395
15266427834976906738
13085453465864374565
7885161619764516373
7331965392247645851
8120716761799622510
7861168750216313148
17782258508241656695
4960194482476803293
9529958888589376527
9320169289978396279
5189543236187113739
17437352085580560526
15331851695963211598
5468483805452515080
13807633218762107566
5200186706748209867
17959337482465423746
6694593639447385226
12012663867578114640
2581599794006798586
11355519273066561009
15578655130939579324
10588771936253546636
7643597152739318064
10327752107000040525
1255991971750044803
12321865437129862911
5870668058140631588
17547795428359040137
10455472356147194054
1994338527906508494
7921369793217703814
6207195415812436731
17958696356648515477
17642771458376274038
14250544550818363063
14073578965827700743
10963653239323173269
1306458236359471795
11967272535264406807
1357883579772440606
14348136031422182645
3504776317009340435
3132521568089292927
3657581213864582252
6625150143263637936
12511696717465549299
5592790652933523081
5731414711882954246
16735938448970076374
10107710434105775874
17330200445788773877
17912777897400903477
12027892938363296829
10927752430968246422
2899357195020129288
6350707596465488265
6814918034011049245
3698685523057788592
18096167044602516316
15533468984793020049
12900898236728415654
16153607877566142572
16093022852977039323
6674547510992884047