2101027554826767753
550171902340535682
6150191934425217908
7290499689576448085
5602237689147924753
2670674176367830809
9350921499281634194
3451017128488170637
16977844994272847523
12251442326766052580
2752216004511723012
1988987616835805847
10964956617027590844
14076089808269682731
15857303257471811288
5065468048522043429
898816942644052013
14106113060128637865
1972128316147758939
4305539677513798673
17987556068410436875
8663006751916427679
7313718849795510302
8494653877777333091
7950869827763684964
9325580606626376787
9985243312780923024
14276116893664145886
6104545334635651714
10676267326664322837
8859409804103625626
10664823084372323928
2598465433001774398
1352150727715827110
9250355398701464051
3276301746183196185
18025338595059503802
14791260641858988448
17778522338768131809
2025831330434849594
16191439239940794174
2400780041057579262
17388121177218499911
5691636094473163491
17750787536486427868
15795616688853411272
3002379261592154728
5576800480528461086
5861181219697109969
15125792363972595336
16336545122307923741
2692887320656885771
14098605172844003779
12956664801249730713
12505030131868863688
16403578704435467513
16224018017168210482
12979718722917614085
3363533094480067586
5846229052615948000
10498013744573185290
4337887720320812223
2064489349728221803
7920326980177504058
5214491533551928383
915935412356143375
8513241054672631743
3711598698808133144
11379226583756500423
15787777881771177481
10793018113277660068
5129792222840846899
16873108320324977627
11971497357570544465
4348478035380346090
4138614210962611770
6417523992887712896
11388947676680954806
17342274091983078806
10625026498155904401
16238753252899859750
14004546003548947884
17066133495361694802
7019385869759035132
7999729608823422351
183829460855609442
16102220208346880
13476374534576730229
1863454917318776530
16372013171456210875
12208410199966712301
6037403592521973757
6378340771722906187
3966447614090524826
2330686858362435307
2475623575993725245
6904827860701329567
14193044537086402364
4323857429732097807
5072733804607719382
8222208340265444449
8487809726845917818
12551320916264703416
2259324582958830057
16911037681440249335
13142190313715360621
11183906854663518829
8207498713503609786
15166409572599113654
17759280403078053118
54293441958058219
8323028393459455521
57132587708734824
15535062863944567958
16042842363202855955
11839652018869852123
1231623110026745648
13622747960068272448
14133920963894906769
14810689888487451189
1773696223367475365
8582923946352460474
4781039348168995891
15943938987133888575
580580436928611523
3894883757914505116
15868625208244306149
5423607012724948145
12681651284932598380
15374821596407640257
3224923476345749285
3195159706851203049
5222336716599194110
4017824591066644473
10444454289801298640
2036908808378190283
7189996641300362130
4324227028219935045
9758342966297863572
1442753028323350651
2508530288521370100
14766384747691229841
10724020115992582208
2265177645248606981
7007702792982559244
2590213596097851051
11588853832866011756
12303641360375776820
14098575914252965554
7120839653809570957
10750135302241325253
9058545212382992974
10876852935525353526
5100136784230856773
3988957004231180266
6559997992780479765
6456165750159303330
473735159277431842
1800857743596232165
2151482270865536784
913274067754539885
3461228720457810721
7101099554331311287
5127440443725457056
4967385055468388261
17850487901509155700
18380281348728758158
9907794657177651763
16534202648288984983
18331713844982117868
11343624116265195592
6386303598440879824
6799055159715949496
1758724094753801109
16646502593577530501
9568394837328971633
5871373218498789285
16121633832852116614
8345535260120974350
8148053503558757176
3665329186611360820
169115044301335945
1737018592744049492
10072140764565668044
17564868480517233150
12174529769287588121
9016865488168499365
1926967104529174124
4164064449185492261
7187601925763611197
7768517933263896280
13177337129001451839
15036582848618865396
575209926587730008
12896629105712361308
4575961016807404107
4702302448560822815
17993467596234560701
3644145307034257093
16511546224219511043
5718418936283106890
4604173119409817302
15458436361042752328
3247914894323111613
11674150664140226235
1918764220984209654
12848519977617081063
4414235478445376689
7324192826315818756
1382515516588059826
9110125340505914899
4672649953433758614
6172160122069514875
7344536712079322768
15265053588821562107
11219370372259322863
5525943706123287091
5268267801500934740
2323851946122476774
17792522237954398691
616184888931414205
4266984864799709257
11566385337103696871
2922309829144504838
12281202743097872109
8543158371164842559
8796914080594559459
15717839202171538526
15349503153813328111
990914685337955114
11017034898130016754
5349843997395815699
10923963890428322967
16341778301681295961
12844373518178303651
16651261238721788858
14233522945839943589
1473681173028010305
15844593126368860820
7799671367768576481
9123867659877264673
17160696560226550358
17674974223808194792
1605912288178321742
15882343134097151256
16331619444570993520
759208896257112298
10226164909075980558
5083516879091912247
3156155872654629090
4457475194088194008
3563349510410371738
11199484219241918646
13033853066564892960
6193696614129429757
14619874262915043759
3390120876390766963
2415873247906962761
2342300897175196823
11236550977973464715
972142630887801133
17159836069183024120
2974991090366925955
16262849101474060261
11119453952284076633
13984577671034960830
11940460932056521663
1146261869236413282
13005562150845909564
15342828002152531464
1005081002024129653
11486225968269855324
14466332043440571514
10391312872392849784
2739239662326039445
12581809607914381746
6242822583398487496
12304907743194762419
9521653920958139982
11799592541704458019
5215905243049326497
11392401368700458296
7089765864827567005
1907783283319966632
14742731916935095621
15445436653637630344
13506499849906169066
10212406498497081993
5707035891877485758
11318901554551149504
1265122081809781363
2961247865039433386
10599748131695282446
10500357041547037089
12339284075576056695
10786629299947667143
16608525782988721413
6763005717101083473
9175749307679169289
18111897798871103675
7543690094688232666
5458962501360340931
4733704239941053266
15539619898625779290
15644354861949427452
2975249314261309142
14705303724557273004
9295161125729168140
18403940760739364047
15696964848687303249
16473613811052081539
141184560845819621
5572351910320677279
10975280749486260148
5973788713714489548
10235335145367115211
2935377810101940676
4916527289027259239
4880464427217074989
18068531698704694137
16042886962142359737
14818835630668820137
4986495627634617319
18311996733670569136
6128311556082453976
17677899007099302421
4058410353286511411
10061305430875486848
857746300435138193
15367782110311024266
384975055665199088
18141076662151909970
5526948896847934178
7741361323303179462
17216329305659006368
17407069523496279950
3078075798413050298
14479353969865741728
15942468615931009553
80599353855279550
12212767626682531382
8938046348067069210
2577669988012459365
16552287303455735122
2075681641472425669
33101359476901423
10082223140073588526
13909033332341079321
10526338824408452410
7440437175443450101
7837172662136597262
8700094808505895018
16208935658045135756
13862220583747475906
13363977648531075793
10231929575853664160
9015546800913584551
3584210979358667442
4277109506993614243
8822503619482926605
16034875274658204340
200287570390499785
6433401807220119698
7934693355186591404
1172406780360799916
17902907331132202998
6740694556948402155
4784689467343773295
7996500550445322129
10517728057304349900
4013698638848102906
15308653868652290306
10017090168044687777
2681180680221317256
8722413665055769182
6935841224766931310
6303332643743862144
5614471637960666943
3872781118550194423
15241656472211725662
14824622621331930560
10275144660749673822
17761959194352517553
4537254579383578009
14752341928540512649
11060291335850384275
11918003324473417938
6177474146670383260
6638427309837298695
7850521592343484282
6742105013468660925
9062286840846668802
11489533038039664633
9547911055204230158
13402473631986525162
16080705915014211452
13310437789759009684
13823509240483976870
4380865029019172232