7799671367768576481
9123867659877264673
17160696560226550358
17674974223808194792
1605912288178321742
15882343134097151256
16331619444570993520
759208896257112298
10226164909075980558
5083516879091912247
3156155872654629090
4457475194088194008
3563349510410371738
11199484219241918646
13033853066564892960
6193696614129429757
14619874262915043759
3390120876390766963
2415873247906962761
2342300897175196823
11236550977973464715
972142630887801133
17159836069183024120
2974991090366925955
16262849101474060261
11119453952284076633
13984577671034960830
11940460932056521663
1146261869236413282
13005562150845909564
15342828002152531464
1005081002024129653
11486225968269855324
14466332043440571514
10391312872392849784
2739239662326039445
12581809607914381746
6242822583398487496
12304907743194762419
9521653920958139982
11799592541704458019
5215905243049326497
11392401368700458296
7089765864827567005
1907783283319966632
14742731916935095621
15445436653637630344
13506499849906169066
10212406498497081993
5707035891877485758
11318901554551149504
1265122081809781363
2961247865039433386
10599748131695282446
10500357041547037089
12339284075576056695
10786629299947667143
16608525782988721413
6763005717101083473
9175749307679169289
18111897798871103675
7543690094688232666
5458962501360340931
4733704239941053266
15539619898625779290
15644354861949427452
2975249314261309142
14705303724557273004
9295161125729168140
18403940760739364047
15696964848687303249
16473613811052081539
141184560845819621
5572351910320677279
10975280749486260148
5973788713714489548
10235335145367115211
2935377810101940676
4916527289027259239
4880464427217074989
18068531698704694137
16042886962142359737
14818835630668820137
4986495627634617319
18311996733670569136
6128311556082453976
17677899007099302421
4058410353286511411
10061305430875486848
857746300435138193
15367782110311024266
384975055665199088
18141076662151909970
5526948896847934178
7741361323303179462
17216329305659006368
17407069523496279950
3078075798413050298
14479353969865741728
15942468615931009553
80599353855279550
12212767626682531382
8938046348067069210
2577669988012459365
16552287303455735122
2075681641472425669
33101359476901423
10082223140073588526
13909033332341079321
10526338824408452410
7440437175443450101
7837172662136597262
8700094808505895018
16208935658045135756
13862220583747475906
13363977648531075793
10231929575853664160
9015546800913584551
3584210979358667442
4277109506993614243
8822503619482926605
16034875274658204340
200287570390499785
6433401807220119698
7934693355186591404
1172406780360799916
17902907331132202998
6740694556948402155
4784689467343773295
7996500550445322129
10517728057304349900
4013698638848102906
15308653868652290306
10017090168044687777
2681180680221317256
8722413665055769182
6935841224766931310
6303332643743862144
5614471637960666943
3872781118550194423
15241656472211725662
14824622621331930560
10275144660749673822
17761959194352517553
4537254579383578009
14752341928540512649
11060291335850384275
11918003324473417938
6177474146670383260
6638427309837298695
7850521592343484282
6742105013468660925
9062286840846668802
11489533038039664633
9547911055204230158
13402473631986525162
16080705915014211452
13310437789759009684
13823509240483976870
4380865029019172232