18068531698704694137
16042886962142359737
14818835630668820137
4986495627634617319
18311996733670569136
6128311556082453976
17677899007099302421
4058410353286511411
10061305430875486848
857746300435138193
15367782110311024266
384975055665199088
18141076662151909970
5526948896847934178
7741361323303179462
17216329305659006368
17407069523496279950
3078075798413050298
14479353969865741728
15942468615931009553
80599353855279550
12212767626682531382
8938046348067069210
2577669988012459365
16552287303455735122
2075681641472425669
33101359476901423
10082223140073588526
13909033332341079321
10526338824408452410
7440437175443450101
7837172662136597262
8700094808505895018
16208935658045135756
13862220583747475906
13363977648531075793
10231929575853664160
9015546800913584551
3584210979358667442
4277109506993614243
8822503619482926605
16034875274658204340
200287570390499785
6433401807220119698
7934693355186591404
1172406780360799916
17902907331132202998
6740694556948402155
4784689467343773295
7996500550445322129
10517728057304349900
4013698638848102906
15308653868652290306
10017090168044687777
2681180680221317256
8722413665055769182
6935841224766931310
6303332643743862144
5614471637960666943
3872781118550194423
15241656472211725662
14824622621331930560
10275144660749673822
17761959194352517553
4537254579383578009
14752341928540512649
11060291335850384275
11918003324473417938
6177474146670383260
6638427309837298695
7850521592343484282
6742105013468660925
9062286840846668802
11489533038039664633
9547911055204230158
13402473631986525162
16080705915014211452
13310437789759009684
13823509240483976870
4380865029019172232