10485926982439064520
15270638100874320175
16646360389507147817
4167304237516228486
3635081602482786801
2336233899565126347
3425716115468765803
13181198025433053194
13355317306876751663
12257951615341726923
14424804287031718399
786582060300383668
13238419657658219864
11718898130355901268
1051897962568538022
6606076833441976341
2660301763960988190
6722602826685649765
15448466074775525292
912496333665446669
9696413700515401320
2088865281951278665
7912728502266478772
10940952441434390507
3270384983482134275
18244334282518155052
14430914081327266277
11847506886204460250
16504318334867223853
8763126149209091146
3490810581309970603
3437741670889149170
15832924468527961
7566697458525030390
4546515828974914709
10096619443888687526
8126606965364870152
5121298817582693383
13519445614718437933
6290334089075942139
13679757109245957439
17144150788361379549
15053781258223091665
16087604685956889409
1887497421568128425
3461811179177118163
1857377326903987736
13585809231635721258
2217043033232259972
4655005625668154134
13629997314951696814
11623618970700582562
12473470522729755785
2899997824484054994
8327447186504415549
8633296376655504176
13196796799137805454
2791302832590946720
6280779486809627179
10734565072045778791
9654060644653474834
3928923269768424494
6390847454531723238
6771922013310347577
2209007584159204953
3591015878717398163
17752423643206316420
4641822195449131669
2206505463279484253
6813611334239274394
9465500459680839281
15903544160717261009
18286677872269962604
13944915979337652825
9334364225104959137
5005815668926224220
4458730539804900192
17874036087982478403
2684088316387726629
2698953791490960477
13186511704021307558
16625429321676352815
8031709558315183746
8123909110537564436
12161824480686739258
7447927974619745860
1191788760630624072
13840133134545942567
6410495600874495447
11925224148023145510
12200383401366682847
3617043125954612277
13965460994524880649
15365821471737026848
17270469718624587995
8424573439186068308
15090871771939393635
10094743350625019937
7554208726220851641
13258835835415292197
7517545172000568481
2555987917096562599
14964691552976940738
14183710428479823719
3417928259332148981
4292360793125812833
17386718718413812426
1730266523558914470
8806931859563747931
4191035366928259953
9142545919543484617
11454085070345530663
6561206763751799279
9288629315134424745
8454755173123314088
2656110181316327570
4723255145958809564
4898453812993984151
2273990870973289942
12879640240483815315
3441838785578020259
12988666890418932775
6229371035421550389
13517115297021862252
14358192009676582448
15221704733958986648
5835049423600303130
15379350264706417068
2607999228439188545
17647858901077503501
11139647661584646830
2711351338963414257
14763701469114129880
7670103006580549715
268278198029493143
7000927478052605119
12179768245749640056
16561295363965082313
4114454788208078028
12337317986514501583
13271285919570645382
634378055350569306
8811210064692949185
16345319168590318167
8099457465580871094
8745106945249251942
10241508783381919015
574762194520856849
4295449061847708198
16578409328451172992
12566399510596872945
1305342127382455702
16600468011801266684
4447423683538547117
1416654423768444853
16485056021060230344
14561791273891593514
16951470340360921766
14369250836076988112
15482064737890453610
3132641021038352938
11076364019363412893
9509506420470671704
4114548607314119333
7373597180370847864
18397511418934954408
18233614482685846350
3375636961848927657
17552108427312284959
2114574223307001959
3927294516406132977
1940032764689855266
5144634012371033641
16676202516797441395
15266427834976906738
13085453465864374565
7885161619764516373
7331965392247645851
8120716761799622510
7861168750216313148
17782258508241656695
4960194482476803293
9529958888589376527
9320169289978396279
5189543236187113739
17437352085580560526
15331851695963211598
5468483805452515080
13807633218762107566
5200186706748209867
17959337482465423746
6694593639447385226
12012663867578114640
2581599794006798586
11355519273066561009
15578655130939579324
10588771936253546636
7643597152739318064
10327752107000040525
1255991971750044803
12321865437129862911
5870668058140631588
17547795428359040137
10455472356147194054
1994338527906508494
7921369793217703814
6207195415812436731
17958696356648515477
17642771458376274038
14250544550818363063
14073578965827700743
10963653239323173269
1306458236359471795
11967272535264406807
1357883579772440606
14348136031422182645
3504776317009340435
3132521568089292927
3657581213864582252
6625150143263637936
12511696717465549299
5592790652933523081
5731414711882954246
16735938448970076374
10107710434105775874
17330200445788773877
17912777897400903477
12027892938363296829
10927752430968246422
2899357195020129288
6350707596465488265
6814918034011049245
3698685523057788592
18096167044602516316
15533468984793020049
12900898236728415654
16153607877566142572
16093022852977039323
6674547510992884047
744006317457557752
11252086830380107152
3364861183015885008
4747171543583769736
4468278022208380281
8603916601243187272
13619063687271391084
13940755514149579648
1999080374382764042
13078892192456386060
6148393791213790916
7761658966964621355
5459113827443493510
15628918650068847391
15903184480576180688
12856053589272984699
17885096890374683162
5076950993715916459
175830748773502782
514687114615102902
1083056852838271990
9653249092275997647
15646511153936256674
17790754307864212354
16676683078119047936
13390791323468600062
10023947602400723454
9179922063516210200
3418007171190630157
7466751345307077932
16652690380969095006
7727809428114700355
15062351272945542584
2107164705125601090
1022527355599519580
3919438171935923501
7458568461947999548
13731697468004921673
3112630089558008159
3154510051521049916
18441113814326864765
16105359875195888139
13145971249179441231
14830022845193837364
14073491244121877213
4931036732523207946
15550613280008674010
16801666784196221098
3385534893506316900
4808842546020773462
10072231702153043603
3911646355261329044
3555170065073130842
3338044015505973232
11004685739714500220
5446766520699850364
10584247114982259878
1921439581405198744
16793466851577046940
9415086857375798767
3543045673995761051
5451442719480728410
14018515129165961775
5328596138024684667
17941839888833418904
17295069199227237940
1432918953215186312
17364342162691622478
13207915841618107559
17356174167372765800
14940138913070850675
809159138284604331
10596949720463106554
1208303279778032257
2895681525868621979
2547899409721197155
14503113925613619599
18295766828140813622
7038362761309539946
3220249619779692045
17597174721305220109
7940496892864900543
16435050660165962165
3060057659029579482
14869732972903148657
6791933003490312185
2224716024428969146
2919021496271356282
12273083120751993429
11070802577416161387
4971817041565280127
2863984611797967753
13667377240304615855
13182548552824592684
16470190748368943792
14964131310266936779
12365808668068790137
10770759614217273359
14734824171146590110
6142170920525844857
4384676699661561426
7890808800227629086
13830510593707564159
7239123081683545077
4427374597960783085
10075870402459732738
14143054494855609923
14753089714893635383
12858738411692807959
1422926405879888210
17386176497741125938
10723911392655396041
16388696051060074747
3194871563717679715
6038200663843287458
204421859195625800
9105380625923157726
207754730878135627
8399876466981146110
11928449532664718059
10153695247769592104
454855130179746819
1939881723297238689
18136695827203527782
12974838039736660070
15202102284304593700
16797668128356194527
4487677815262010875
17818548625922145895
17601040886987343289
8965112222692085704
15803855782190483017
3908622028474148527
1891390218766838725
11113047206980595400
11126313430116606120
18418533015310829002
16202688197024602345
12894036666871194216
10206293520369375008
3031519073799366723
9820553434532681355
11846396154240966170
2618605158242502527
14777753086917826209
5495302100265783181
2570264768774616538
8659567063494726263
6771783338734577946
9747453753779078631
6792191642931213648
9385013624094020582
15834329472172048691
13254498462985394788
4392459808686681511
6234738900256277070
8158128948493708501
9311322119128915594
14388269713149187289
3068522656378006650
2101027554826767753
550171902340535682
6150191934425217908
7290499689576448085
5602237689147924753
2670674176367830809
9350921499281634194
3451017128488170637
16977844994272847523
12251442326766052580
2752216004511723012
1988987616835805847
10964956617027590844
14076089808269682731
15857303257471811288
5065468048522043429
898816942644052013
14106113060128637865
1972128316147758939
4305539677513798673
17987556068410436875
8663006751916427679
7313718849795510302
8494653877777333091
7950869827763684964
9325580606626376787
9985243312780923024
14276116893664145886
6104545334635651714
10676267326664322837
8859409804103625626
10664823084372323928
2598465433001774398
1352150727715827110
9250355398701464051
3276301746183196185
18025338595059503802
14791260641858988448
17778522338768131809
2025831330434849594
16191439239940794174
2400780041057579262
17388121177218499911
5691636094473163491
17750787536486427868
15795616688853411272
3002379261592154728
5576800480528461086
5861181219697109969
15125792363972595336
16336545122307923741
2692887320656885771
14098605172844003779
12956664801249730713
12505030131868863688
16403578704435467513
16224018017168210482
12979718722917614085
3363533094480067586
5846229052615948000
10498013744573185290
4337887720320812223
2064489349728221803
7920326980177504058
5214491533551928383
915935412356143375
8513241054672631743
3711598698808133144
11379226583756500423
15787777881771177481
10793018113277660068
5129792222840846899
16873108320324977627
11971497357570544465
4348478035380346090
4138614210962611770
6417523992887712896
11388947676680954806
17342274091983078806
10625026498155904401
16238753252899859750
14004546003548947884
17066133495361694802
7019385869759035132
7999729608823422351
183829460855609442
16102220208346880
13476374534576730229
1863454917318776530
16372013171456210875
12208410199966712301
6037403592521973757
6378340771722906187
3966447614090524826
2330686858362435307
2475623575993725245
6904827860701329567
14193044537086402364
4323857429732097807
5072733804607719382
8222208340265444449
8487809726845917818
12551320916264703416
2259324582958830057
16911037681440249335
13142190313715360621
11183906854663518829
8207498713503609786
15166409572599113654
17759280403078053118
54293441958058219
8323028393459455521
57132587708734824
15535062863944567958
16042842363202855955
11839652018869852123
1231623110026745648
13622747960068272448
14133920963894906769
14810689888487451189
1773696223367475365
8582923946352460474
4781039348168995891
15943938987133888575
580580436928611523
3894883757914505116
15868625208244306149
5423607012724948145
12681651284932598380
15374821596407640257
3224923476345749285
3195159706851203049
5222336716599194110
4017824591066644473
10444454289801298640
2036908808378190283
7189996641300362130
4324227028219935045
9758342966297863572
1442753028323350651
2508530288521370100
14766384747691229841
10724020115992582208
2265177645248606981
7007702792982559244
2590213596097851051
11588853832866011756
12303641360375776820
14098575914252965554
7120839653809570957
10750135302241325253
9058545212382992974
10876852935525353526
5100136784230856773
3988957004231180266
6559997992780479765
6456165750159303330
473735159277431842
1800857743596232165
2151482270865536784
913274067754539885
3461228720457810721
7101099554331311287
5127440443725457056
4967385055468388261
17850487901509155700
18380281348728758158
9907794657177651763
16534202648288984983
18331713844982117868
11343624116265195592
6386303598440879824
6799055159715949496
1758724094753801109
16646502593577530501
9568394837328971633
5871373218498789285
16121633832852116614
8345535260120974350
8148053503558757176
3665329186611360820
169115044301335945
1737018592744049492
10072140764565668044
17564868480517233150
12174529769287588121
9016865488168499365
1926967104529174124
4164064449185492261
7187601925763611197
7768517933263896280
13177337129001451839
15036582848618865396
575209926587730008
12896629105712361308
4575961016807404107
4702302448560822815
17993467596234560701
3644145307034257093
16511546224219511043
5718418936283106890
4604173119409817302
15458436361042752328
3247914894323111613
11674150664140226235
1918764220984209654
12848519977617081063
4414235478445376689
7324192826315818756
1382515516588059826
9110125340505914899
4672649953433758614
6172160122069514875
7344536712079322768
15265053588821562107
11219370372259322863
5525943706123287091
5268267801500934740
2323851946122476774
17792522237954398691
616184888931414205
4266984864799709257
11566385337103696871
2922309829144504838
12281202743097872109
8543158371164842559
8796914080594559459
15717839202171538526
15349503153813328111
990914685337955114
11017034898130016754
5349843997395815699
10923963890428322967
16341778301681295961
12844373518178303651
16651261238721788858
14233522945839943589
1473681173028010305
15844593126368860820
7799671367768576481
9123867659877264673
17160696560226550358
17674974223808194792
1605912288178321742
15882343134097151256
16331619444570993520
759208896257112298
10226164909075980558
5083516879091912247
3156155872654629090
4457475194088194008
3563349510410371738
11199484219241918646
13033853066564892960
6193696614129429757
14619874262915043759
3390120876390766963
2415873247906962761
2342300897175196823
11236550977973464715
972142630887801133
17159836069183024120
2974991090366925955
16262849101474060261
11119453952284076633
13984577671034960830
11940460932056521663
1146261869236413282
13005562150845909564
15342828002152531464
1005081002024129653
11486225968269855324
14466332043440571514
10391312872392849784
2739239662326039445
12581809607914381746
6242822583398487496
12304907743194762419
9521653920958139982
11799592541704458019
5215905243049326497
11392401368700458296
7089765864827567005
1907783283319966632
14742731916935095621
15445436653637630344
13506499849906169066
10212406498497081993
5707035891877485758
11318901554551149504
1265122081809781363
2961247865039433386
10599748131695282446
10500357041547037089
12339284075576056695
10786629299947667143
16608525782988721413
6763005717101083473
9175749307679169289
18111897798871103675
7543690094688232666
5458962501360340931
4733704239941053266
15539619898625779290
15644354861949427452
2975249314261309142
14705303724557273004
9295161125729168140
18403940760739364047
15696964848687303249
16473613811052081539
141184560845819621
5572351910320677279
10975280749486260148
5973788713714489548
10235335145367115211
2935377810101940676
4916527289027259239
4880464427217074989
18068531698704694137
16042886962142359737
14818835630668820137
4986495627634617319
18311996733670569136
6128311556082453976
17677899007099302421
4058410353286511411
10061305430875486848
857746300435138193
15367782110311024266
384975055665199088
18141076662151909970
5526948896847934178
7741361323303179462
17216329305659006368
17407069523496279950
3078075798413050298
14479353969865741728
15942468615931009553
80599353855279550
12212767626682531382
8938046348067069210
2577669988012459365
16552287303455735122
2075681641472425669
33101359476901423
10082223140073588526
13909033332341079321
10526338824408452410
7440437175443450101
7837172662136597262
8700094808505895018
16208935658045135756
13862220583747475906
13363977648531075793
10231929575853664160
9015546800913584551
3584210979358667442
4277109506993614243
8822503619482926605
16034875274658204340
200287570390499785
6433401807220119698
7934693355186591404
1172406780360799916
17902907331132202998
6740694556948402155
4784689467343773295
7996500550445322129
10517728057304349900
4013698638848102906
15308653868652290306
10017090168044687777
2681180680221317256
8722413665055769182
6935841224766931310
6303332643743862144
5614471637960666943
3872781118550194423
15241656472211725662
14824622621331930560
10275144660749673822
17761959194352517553
4537254579383578009
14752341928540512649
11060291335850384275
11918003324473417938
6177474146670383260
6638427309837298695
7850521592343484282
6742105013468660925
9062286840846668802
11489533038039664633
9547911055204230158
13402473631986525162
16080705915014211452
13310437789759009684
13823509240483976870
4380865029019172232